1
,1
2
,512
3
,19683
4
,262144
5
,1953125
6
,10077696
7
,40353607
8
,134217728
9
,387420489
10
,1000000000
11
,2357947691
12
,5159780352
13
,10604499373
14
,20661046784
15
,38443359375
16
,68719476736
17
,118587876497
18
,198359290368
19
,322687697779
20
,512000000000
21
,794280046581
22
,1207269217792
23
,1801152661463
24
,2641807540224
25
,3814697265625
26
,5429503678976
27
,7625597484987
28
,10578455953408
29
,14507145975869
30
,19683000000000
31
,26439622160671
32
,35184372088832
33
,46411484401953
34
,60716992766464
35
,78815638671875
36
,101559956668416
37
,129961739795077
38
,165216101262848
39
,208728361158759
40
,262144000000000
41
,327381934393961
42
,406671383849472
43
,502592611936843
44
,618121839509504
45
,756680642578125
46
,922190162669056
47
,1119130473102767
48
,1352605460594688
49
,1628413597910449
50
,1953125000000000
51
,2334165173090451
52
,2779905883635712
53
,3299763591802133
54
,3904305912313344
55
,4605366583984375
56
,5416169448144896
57
,6351461955384057
58
,7427658739644928
59
,8662995818654939
60
,10077696000000000
61
,11694146092834141
62
,13537086546263552
63
,15633814156853823
64
,18014398509481984
65
,20711912837890625
66
,23762680013799936
67
,27206534396294947
68
,31087100296429568
69
,35452087835576229
70
,40353607000000000
71
,45848500718449031
72
,51998697814228992
73
,58871586708267913
74
,66540410775079424
75
,75084686279296875
76
,84590643846578176
77
,95151694449171437
78
,106868920913284608
79
,119851595982618319
80
,134217728000000000
81
,150094635296999121
82
,167619550409708032
83
,186940255267540403
84
,208215748530929664
85
,231616946283203125
86
,257327417311663616
87
,285544154243029527
88
,316478381828866048
89
,350356403707485209
90
,387420489000000000
91
,427929800129788411
92
,472161363286556672
93
,520411082988487293
94
,572994802228616704
95
,630249409724609375
96
,692533995824480256
97
,760231058654565217
98
,833747762130149888
99
,913517247483640899
100
,1000000000000000000
